Graph Search Depth Limited:----------------------------------------

Optimal Route Found:
(cost = 11.0, frontier expansions = 11)     3 3 1 0 0 0 --->  1 3 0 2 0 1 --->  2 3 1 1 0 0 --->  0 3 0 3 0 1 --->  1 3 1 2 0 0 --->  1 1 0 2 2 1 --->  2 2 1 1 1 0 --->  2 0 0 1 3 1 --->  3 0 1 0 3 0 --->  1 0 0 2 3 1 --->  2 0 1 1 3 0 --->  0 0 0 3 3 1

Tree Search Depth Limited:----------------------------------------

Optimal Route Found:
(cost = 11.0, frontier expansions = 11)     3 3 1 0 0 0 --->  1 3 0 2 0 1 --->  2 3 1 1 0 0 --->  0 3 0 3 0 1 --->  1 3 1 2 0 0 --->  1 1 0 2 2 1 --->  2 2 1 1 1 0 --->  2 0 0 1 3 1 --->  3 0 1 0 3 0 --->  1 0 0 2 3 1 --->  2 0 1 1 3 0 --->  0 0 0 3 3 1

Breadth First Tree Search:----------------------------------------

Optimal Route Found:
(cost = 11.0, frontier expansions = 11)     3 3 1 0 0 0 --->  1 3 0 2 0 1 --->  2 3 1 1 0 0 --->  0 3 0 3 0 1 --->  1 3 1 2 0 0 --->  1 1 0 2 2 1 --->  2 2 1 1 1 0 --->  2 0 0 1 3 1 --->  3 0 1 0 3 0 --->  1 0 0 2 3 1 --->  2 0 1 1 3 0 --->  0 0 0 3 3 1

Breadth First Graph Search:----------------------------------------

Optimal Route Found:
(cost = 11.0, frontier expansions = 27)     3 3 1 0 0 0 --->  2 2 0 1 1 1 --->  2 3 1 1 0 0 --->  0 3 0 3 0 1 --->  1 3 1 2 0 0 --->  1 1 0 2 2 1 --->  2 2 1 1 1 0 --->  2 0 0 1 3 1 --->  3 0 1 0 3 0 --->  1 0 0 2 3 1 --->  1 1 1 2 2 0 --->  0 0 0 3 3 1

Depth First Tree Search:----------------------------------------

Optimal Route Found:
(cost = 213.0, frontier expansions = 27)     3 3 1 0 0 0 --->  2 3 0 1 0 1 --->  3 3 1 0 0 0 --->  2 3 0 1 0 1 --->  3 3 1 0 0 0 --->  2 3 0 1 0 1 --->  3 3 1 0 0 0 --->  1 3 0 2 0 1 --->  3 3 1 0 0 0 --->  2 3 0 1 0 1 --->  3 3 1 0 0 0 --->  2 3 0 1 0 1 --->  3 3 1 0 0 0 --->  2 2 0 1 1 1 --->  2 3 1 1 0 0 --->  1 3 0 2 0 1 --->  2 3 1 1 0 0 --->  1 3 0 2 0 1 --->  2 3 1 1 0 0 --->  2 2 0 1 1 1 --->  3 3 1 0 0 0 --->  2 2 0 1 1 1 --->  2 3 1 1 0 0 --->  2 2 0 1 1 1 --->  3 3 1 0 0 0 --->  1 3 0 2 0 1 --->  2 3 1 1 0 0 --->  2 2 0 1 1 1 --->  2 3 1 1 0 0 --->  1 3 0 2 0 1 --->  3 3 1 0 0 0 --->  2 3 0 1 0 1 --->  3 3 1 0 0 0 --->  2 2 0 1 1 1 --->  2 3 1 1 0 0 --->  2 2 0 1 1 1 --->  2 3 1 1 0 0 --->  1 3 0 2 0 1 --->  3 3 1 0 0 0 --->  2 2 0 1 1 1 --->  2 3 1 1 0 0 --->  0 3 0 3 0 1 --->  2 3 1 1 0 0 --->  2 2 0 1 1 1 --->  3 3 1 0 0 0 --->  2 3 0 1 0 1 --->  3 3 1 0 0 0 --->  2 3 0 1 0 1 --->  3 3 1 0 0 0 --->  1 3 0 2 0 1 --->  2 3 1 1 0 0 --->  0 3 0 3 0 1 --->  2 3 1 1 0 0 --->  0 3 0 3 0 1 --->  2 3 1 1 0 0 --->  0 3 0 3 0 1 --->  2 3 1 1 0 0 --->  2 2 0 1 1 1 --->  3 3 1 0 0 0 --->  2 2 0 1 1 1 --->  3 3 1 0 0 0 --->  2 3 0 1 0 1 --->  3 3 1 0 0 0 --->  2 3 0 1 0 1 --->  3 3 1 0 0 0 --->  2 3 0 1 0 1 --->  3 3 1 0 0 0 --->  2 2 0 1 1 1 --->  2 3 1 1 0 0 --->  1 3 0 2 0 1 --->  3 3 1 0 0 0 --->  2 2 0 1 1 1 --->  2 3 1 1 0 0 --->  1 3 0 2 0 1 --->  2 3 1 1 0 0 --->  0 3 0 3 0 1 --->  1 3 1 2 0 0 --->  0 3 0 3 0 1 --->  2 3 1 1 0 0 --->  2 2 0 1 1 1 --->  2 3 1 1 0 0 --->  2 2 0 1 1 1 --->  3 3 1 0 0 0 --->  2 2 0 1 1 1 --->  3 3 1 0 0 0 --->  2 3 0 1 0 1 --->  3 3 1 0 0 0 --->  2 2 0 1 1 1 --->  3 3 1 0 0 0 --->  2 2 0 1 1 1 --->  3 3 1 0 0 0 --->  1 3 0 2 0 1 --->  2 3 1 1 0 0 --->  0 3 0 3 0 1 --->  1 3 1 2 0 0 --->  0 3 0 3 0 1 --->  1 3 1 2 0 0 --->  1 1 0 2 2 1 --->  2 2 1 1 1 0 --->  1 1 0 2 2 1 --->  2 2 1 1 1 0 --->  2 0 0 1 3 1 --->  2 2 1 1 1 0 --->  2 0 0 1 3 1 --->  2 2 1 1 1 0 --->  1 1 0 2 2 1 --->  1 3 1 2 0 0 --->  1 1 0 2 2 1 --->  1 3 1 2 0 0 --->  0 3 0 3 0 1 --->  2 3 1 1 0 0 --->  2 2 0 1 1 1 --->  3 3 1 0 0 0 --->  2 3 0 1 0 1 --->  3 3 1 0 0 0 --->  2 2 0 1 1 1 --->  3 3 1 0 0 0 --->  1 3 0 2 0 1 --->  3 3 1 0 0 0 --->  2 3 0 1 0 1 --->  3 3 1 0 0 0 --->  2 2 0 1 1 1 --->  3 3 1 0 0 0 --->  2 3 0 1 0 1 --->  3 3 1 0 0 0 --->  1 3 0 2 0 1 --->  3 3 1 0 0 0 --->  2 2 0 1 1 1 --->  3 3 1 0 0 0 --->  2 2 0 1 1 1 --->  2 3 1 1 0 0 --->  1 3 0 2 0 1 --->  3 3 1 0 0 0 --->  2 3 0 1 0 1 --->  3 3 1 0 0 0 --->  1 3 0 2 0 1 --->  2 3 1 1 0 0 --->  0 3 0 3 0 1 --->  1 3 1 2 0 0 --->  0 3 0 3 0 1 --->  1 3 1 2 0 0 --->  0 3 0 3 0 1 --->  1 3 1 2 0 0 --->  0 3 0 3 0 1 --->  2 3 1 1 0 0 --->  1 3 0 2 0 1 --->  2 3 1 1 0 0 --->  0 3 0 3 0 1 --->  2 3 1 1 0 0 --->  1 3 0 2 0 1 --->  2 3 1 1 0 0 --->  0 3 0 3 0 1 --->  1 3 1 2 0 0 --->  0 3 0 3 0 1 --->  1 3 1 2 0 0 --->  1 1 0 2 2 1 --->  1 3 1 2 0 0 --->  1 1 0 2 2 1 --->  2 2 1 1 1 0 --->  2 0 0 1 3 1 --->  2 2 1 1 1 0 --->  1 1 0 2 2 1 --->  1 3 1 2 0 0 --->  0 3 0 3 0 1 --->  1 3 1 2 0 0 --->  0 3 0 3 0 1 --->  1 3 1 2 0 0 --->  1 1 0 2 2 1 --->  1 3 1 2 0 0 --->  1 1 0 2 2 1 --->  2 2 1 1 1 0 --->  2 0 0 1 3 1 --->  3 0 1 0 3 0 --->  2 0 0 1 3 1 --->  3 0 1 0 3 0 --->  2 0 0 1 3 1 --->  2 2 1 1 1 0 --->  2 0 0 1 3 1 --->  2 2 1 1 1 0 --->  1 1 0 2 2 1 --->  1 3 1 2 0 0 --->  1 1 0 2 2 1 --->  2 2 1 1 1 0 --->  2 0 0 1 3 1 --->  3 0 1 0 3 0 --->  2 0 0 1 3 1 --->  2 2 1 1 1 0 --->  2 0 0 1 3 1 --->  2 2 1 1 1 0 --->  1 1 0 2 2 1 --->  2 2 1 1 1 0 --->  2 0 0 1 3 1 --->  2 2 1 1 1 0 --->  1 1 0 2 2 1 --->  2 2 1 1 1 0 --->  2 0 0 1 3 1 --->  2 2 1 1 1 0 --->  1 1 0 2 2 1 --->  1 3 1 2 0 0 --->  0 3 0 3 0 1 --->  1 3 1 2 0 0 --->  0 3 0 3 0 1 --->  1 3 1 2 0 0 --->  1 1 0 2 2 1 --->  1 3 1 2 0 0 --->  1 1 0 2 2 1 --->  1 3 1 2 0 0 --->  1 1 0 2 2 1 --->  2 2 1 1 1 0 --->  2 0 0 1 3 1 --->  3 0 1 0 3 0 --->  1 0 0 2 3 1 --->  2 0 1 1 3 0 --->  0 0 0 3 3 1

Depth First Graph Search:----------------------------------------

Optimal Route Found:
(cost = 11.0, frontier expansions = 20)     3 3 1 0 0 0 --->  2 2 0 1 1 1 --->  2 3 1 1 0 0 --->  0 3 0 3 0 1 --->  1 3 1 2 0 0 --->  1 1 0 2 2 1 --->  2 2 1 1 1 0 --->  2 0 0 1 3 1 --->  3 0 1 0 3 0 --->  1 0 0 2 3 1 --->  2 0 1 1 3 0 --->  0 0 0 3 3 1

Uniform Cost Tree Search:----------------------------------------

Optimal Route Found:
(cost = 11.0, frontier expansions = 20)     3 3 1 0 0 0 --->  2 2 0 1 1 1 --->  2 3 1 1 0 0 --->  0 3 0 3 0 1 --->  1 3 1 2 0 0 --->  1 1 0 2 2 1 --->  2 2 1 1 1 0 --->  2 0 0 1 3 1 --->  3 0 1 0 3 0 --->  1 0 0 2 3 1 --->  1 1 1 2 2 0 --->  0 0 0 3 3 1

Uniform Cost Graph Search:----------------------------------------

Optimal Route Found:
(cost = 11.0, frontier expansions = 29)     3 3 1 0 0 0 --->  1 3 0 2 0 1 --->  2 3 1 1 0 0 --->  0 3 0 3 0 1 --->  1 3 1 2 0 0 --->  1 1 0 2 2 1 --->  2 2 1 1 1 0 --->  2 0 0 1 3 1 --->  3 0 1 0 3 0 --->  1 0 0 2 3 1 --->  2 0 1 1 3 0 --->  0 0 0 3 3 1
