

Graph Search Depth Limited:----------------------------------------



Optimal Route Found:
(cost = 23.0, frontier expansions = 7)     0 0 0 --->  12 0 0 --->  4 8 0 --->  1 8 3





Tree Search Depth Limited:----------------------------------------



Optimal Route Found:
(cost = 23.0, frontier expansions = 4)     0 0 0 --->  12 0 0 --->  12 0 0 --->  9 0 3 --->  1 8 3





Breadth First Tree Search:----------------------------------------



Optimal Route Found:
(cost = 23.0, frontier expansions = 3)     0 0 0 --->  12 0 0 --->  4 8 0 --->  1 8 3





Breadth First Graph Search:----------------------------------------



Optimal Route Found:
(cost = 23.0, frontier expansions = 32)     0 0 0 --->  12 0 0 --->  9 0 3 --->  1 8 3





Depth First Tree Search:----------------------------------------



Optimal Route Found:
(cost = 746.0, frontier expansions = 32)     0 0 0 --->  0 8 0 --->  0 8 0 --->  0 5 3 --->  0 0 3 --->  0 8 3 --->  0 0 3 --->  0 0 3 --->  
12 0 3 --->  4 8 3 --->  0 8 3 --->  0 8 0 --->  0 0 0 --->  12 0 0 --->  4 8 0 --->  4 5 3 --->  4 5 3 --->  4 8 0 --->  4 8 0 --->  4 0 0 --->  4 0 0 --->  
12 0 0 --->  12 8 0 --->  12 8 0 --->  12 8 3 --->  12 8 3 --->  12 0 3 --->  12 3 0 --->  12 0 0 --->  0 0 0 --->  0 0 3 --->  0 0 3 --->  0 0 3 --->  12 0 3 --->  
12 8 3 --->  12 8 3 --->  12 8 3 --->  12 0 3 --->  12 3 0 --->  12 0 0 --->  4 8 0 --->  4 8 0 --->  4 0 0 --->  4 8 0 --->  4 0 0 --->  12 0 0 --->  12 8 0 --->  
12 8 3 --->  0 8 3 --->  0 8 3 --->  0 8 3 --->  3 8 0 --->  3 8 3 --->  12 8 3 --->  12 0 3 --->  4 8 3 --->  4 8 3 --->  4 8 3 --->  12 8 3 --->  0 8 3 --->  
3 8 0 --->  0 8 3 --->  0 8 3 --->  8 0 3 --->  8 0 0 --->  8 0 3 --->  8 3 0 --->  8 3 0 --->  8 3 0 --->  0 3 0 --->  0 0 3 --->  0 3 0 --->  0 3 0 --->  
0 3 0 --->  3 0 0 --->  3 8 0 --->  3 8 0 --->  3 8 3 --->  3 8 3 --->  3 8 3 --->  3 0 3 --->  3 0 0 --->  12 0 0 --->  0 0 0 --->  0 8 0 --->  0 8 0 --->  
0 0 0 --->  0 8 0 --->  0 8 3 --->  8 0 3 --->  11 0 0 --->  12 0 0 --->  12 8 0 --->  12 5 3 --->  0 5 3 --->  0 0 3 --->  12 0 3 --->  12 0 0 --->  
12 0 0 --->  12 0 3 --->  12 3 0 --->  0 3 0 --->  0 0 0 --->  0 0 0 --->  0 0 3 --->  3 0 0 --->  12 0 0 --->  12 8 0 --->  9 8 3 --->  12 8 3 --->  12 8 0 --->  
0 8 0 --->  0 0 0 --->  0 0 0 --->  0 8 0 --->  8 0 0 --->  8 8 0 --->  8 8 3 --->  8 8 0 --->  8 0 0 --->  8 0 3 --->  8 0 0 --->  0 8 0 --->  8 0 0 --->  
8 0 0 --->  5 0 3 --->  0 5 3 --->  5 0 3 --->  5 0 3 --->  5 8 3 --->  0 8 3 --->  0 0 3 --->  3 0 0 --->  0 0 0 --->  12 0 0 --->  4 8 0 --->  0 8 0 --->  
0 8 3 --->  12 8 3 --->  12 8 0 --->  0 8 0 --->  8 0 0 --->  5 0 3 --->  5 0 3 --->  5 0 3 --->  5 0 3 --->  0 0 3 --->  0 3 0 --->  12 3 0 --->  12 0 0 --->  
4 8 0 --->  4 0 0 --->  0 4 0 --->  0 4 0 --->  0 1 3





Depth First Graph Search:----------------------------------------



Optimal Route Found:
(cost = 249.0, frontier expansions = 102)     0 0 0 --->  12 0 0 --->  12 8 0 --->  9 8 3 --->  9 8 0 --->  12 5 0 --->  0 5 0 --->  5 0 0 --->  
2 0 3 --->  0 2 3 --->  0 8 3 --->  12 8 3 --->  12 0 3 --->  4 8 3 --->  4 0 3 --->  7 0 0 --->  7 8 0 --->  12 3 0 --->  9 3 3 --->  9 0 3 --->  0 0 3 --->  0 3 0 --->  
3 0 0 --->  3 0 3 --->  3 8 3 --->  11 0 3 --->  12 0 2 --->  12 2 0 --->  0 2 0 --->  0 0 2 --->  0 8 2 --->  12 8 2 --->  11 8 3 --->  12 7 3 --->  12 7 0 --->  
11 8 0 --->  11 5 3 --->  12 5 2 --->  12 5 3 --->  0 5 3 --->  3 5 0 --->  3 2 3 --->  12 2 3 --->  6 8 3 --->  6 0 3 --->  0 6 3 --->  3 6 0 --->  1 8 0

